 Hello from Fortran
[0.1295 0.6792 0.6792 0.6836]
[0.133  0.6771 0.678  0.6838]
[0.152  0.6753 0.6761 0.6845]
[0.1822 0.6712 0.6716 0.6858]
[0.2134 0.6665 0.6667 0.6875]
[0.2411 0.6623 0.662  0.6893]
[0.2651 0.6591 0.6572 0.6912]
[0.2851 0.6565 0.6524 0.693 ]
[0.3014 0.6545 0.6488 0.6949]
[0.3126 0.6531 0.6492 0.6965]
[0.3115 0.653  0.6544 0.6968]
[0.2962 0.6547 0.6558 0.6949]
[0.2769 0.6566 0.6576 0.6928]
[0.2557 0.6589 0.6603 0.6909]
[0.2324 0.6617 0.6627 0.6891]
[0.2064 0.6651 0.6651 0.6875]
[0.1793 0.6688 0.6678 0.6862]
[0.1528 0.6729 0.6716 0.6851]
[0.134  0.6764 0.6757 0.6842]
[0.133  0.6776 0.6775 0.684 ]
[0.1518 0.6757 0.6757 0.6845]
[0.1815 0.6714 0.6715 0.6858]
[0.2127 0.6666 0.6668 0.6875]
[0.2408 0.6623 0.6622 0.6894]
[0.265  0.6587 0.6578 0.6914]
[0.2852 0.6559 0.6536 0.6932]
[0.3017 0.6536 0.6503 0.695 ]
[0.3127 0.6525 0.6502 0.6964]
[0.3115 0.6534 0.6542 0.6966]
[0.296  0.6551 0.6554 0.6946]
[0.2768 0.657  0.6572 0.6925]
[0.2558 0.6593 0.66   0.6907]
[0.2322 0.662  0.6628 0.6891]
[0.2057 0.6653 0.6657 0.6875]
[0.1781 0.6689 0.6689 0.6861]
[0.1519 0.6727 0.6727 0.6848]
[0.1338 0.676  0.6764 0.6838]
[0.0298 0.3989 0.398  0.4993]
[0.     0.4484 0.4504 0.4496]
[0.     0.4464 0.4487 0.4529]
[0.     0.3542 0.3639 0.458 ]
[0.     0.35   0.3569 0.4618]
[0.0194 0.3396 0.3527 0.46  ]
[0.0223 0.3256 0.3441 0.4469]
[0.067  0.2472 0.2637 0.3216]
[0.1046 0.2532 0.267  0.325 ]
[0.1029 0.3494 0.349  0.4803]
[0.1083 0.3733 0.3717 0.5123]
[0.0983 0.2609 0.2589 0.3261]
[0.0238 0.2555 0.2528 0.4444]
[0.0211 0.3476 0.3338 0.4588]
[0.     0.3643 0.3326 0.4636]
[0.     0.4169 0.2384 0.4624]
[0.     0.4458 0.2908 0.4585]
[0.     0.4485 0.3402 0.4538]
[0.     0.3044 0.4475 0.4918]
[0.     0.3136 0.4494 0.4875]
[0.     0.398  0.4108 0.4523]
[0.     0.3533 0.3637 0.4564]
[0.     0.3496 0.3577 0.4614]
[0.0193 0.3394 0.3531 0.4604]
[0.0222 0.3249 0.3448 0.4479]
[0.0676 0.2457 0.2648 0.3225]
[0.1059 0.2504 0.2687 0.3258]
[0.1328 0.2627 0.2716 0.4751]
[0.1091 0.3732 0.3706 0.511 ]
[0.0978 0.2601 0.2595 0.3256]
[0.0238 0.2548 0.2535 0.4439]
[0.0211 0.3477 0.3336 0.4579]
[0.     0.3644 0.2133 0.4618]
[0.     0.407  0.2405 0.4558]
[0.     0.3711 0.162  0.3928]
[0.     0.4422 0.2822 0.4494]
[0.     0.4481 0.3465 0.4493]
[0.9516 1.4346 1.4346 1.4303]
[0.953  1.4316 1.4355 1.4307]
[0.9606 1.4292 1.4316 1.4315]
[0.9742 1.4238 1.4252 1.4333]
[0.9896 1.4172 1.4184 1.4354]
[1.0045 1.4109 1.413  1.4375]
[1.0185 1.4059 1.409  1.4396]
[1.031  1.4026 1.4061 1.4415]
[1.042  1.4015 1.4042 1.4435]
[1.0514 1.4022 1.4033 1.4448]
[1.0525 1.4033 1.4032 1.4447]
[1.0393 1.4032 1.4034 1.4434]
[1.0251 1.4052 1.4052 1.4419]
[1.0121 1.4094 1.4079 1.4402]
[0.9993 1.4149 1.411  1.4385]
[0.986  1.4209 1.4154 1.4367]
[0.9732 1.4268 1.4204 1.4349]
[0.9616 1.4318 1.4261 1.4331]
[0.9536 1.4351 1.4306 1.4313]
[0.953  1.4352 1.4318 1.4304]
[0.9606 1.4316 1.4292 1.4311]
[0.9739 1.4252 1.4239 1.4329]
[0.9892 1.4185 1.4174 1.4353]
[1.0043 1.4132 1.4108 1.4375]
[1.0186 1.4095 1.4049 1.4393]
[1.0312 1.4071 1.4001 1.441 ]
[1.0422 1.4046 1.3978 1.443 ]
[1.0509 1.4022 1.3993 1.4449]
[1.0523 1.4017 1.4036 1.4449]
[1.0391 1.403  1.4037 1.443 ]
[1.0251 1.4048 1.4056 1.4415]
[1.0122 1.4069 1.4102 1.4403]
[0.9994 1.4096 1.416  1.4391]
[0.9862 1.4139 1.4219 1.4373]
[0.9732 1.4193 1.4277 1.4355]
[0.9615 1.4254 1.4324 1.4332]
[0.9536 1.4302 1.4354 1.4313]
动态链接库目录 d:\code\pywfn\pywfn\libs
当前系统:windows
paper/mols/piProperties/Ph2.log
[[ 1.      1.      0.      0.      0.9869]
 [ 2.     -1.      0.      0.      0.9937]
 [ 3.      1.      0.      0.      0.9545]
 [ 4.     -1.      0.      0.      0.9545]
 [ 5.      1.     -0.      0.      0.9937]
 [ 6.     -1.      0.     -0.      0.9869]
 [ 7.     -1.      0.      0.      0.    ]
 [ 8.      1.      0.      0.      0.    ]
 [ 9.     -1.      0.      0.      0.    ]
 [10.     -1.      0.      0.      0.9937]
 [11.      1.     -0.      0.      0.9937]
 [12.      1.     -0.      0.      0.    ]
 [13.     -1.      0.     -0.      0.    ]
 [14.      1.     -0.      0.      0.9869]
 [15.      1.      0.      0.      0.9869]
 [16.      1.     -0.      0.      0.    ]
 [17.      1.     -0.      0.      0.    ]
 [18.      1.      0.      0.      0.    ]]
paper/mols/piProperties/CH2CHCHO.log
[[ 1.     -0.     -0.      1.      0.9301]
 [ 2.     -0.     -0.      1.      0.    ]
 [ 3.     -0.     -0.      1.      0.    ]
 [ 4.     -0.     -0.      1.      0.9784]
 [ 5.     -0.     -0.      1.      0.    ]
 [ 6.      0.      0.      1.      0.8107]
 [ 7.      0.      0.      1.      0.    ]
 [ 8.      0.      0.      1.      1.2808]]
paper/mols/piProperties/CO2.log
[[1.     1.     0.     0.     0.7752]
 [2.     1.     0.     0.     1.5464]
 [3.     1.     0.     0.     1.5464]]
paper/mols/piProperties/NO2.log
[[ 1.     -1.      0.     -0.      0.978 ]
 [ 2.     -1.      0.     -0.      1.4495]
 [ 3.     -1.      0.     -0.      1.4495]]
paper/mols/piProperties/NNO.log
[[1.     1.     0.     0.     1.2606]
 [2.     1.     0.     0.     1.0903]
 [3.     1.     0.     0.     1.6487]]
paper/mols/piProperties/BF3.log
[[ 1.     -0.      0.      1.      0.4203]
 [ 2.     -0.      0.      1.      1.8201]
 [ 3.     -0.      0.      1.      1.8202]
 [ 4.     -0.      0.      1.      1.8202]]
[[ 1.      2.      1.      0.      0.      1.2945]
 [ 1.      2.      0.9898  0.1423  0.      1.2672]
 [ 1.      2.      0.9595  0.2817  0.      1.1896]
 [ 1.      2.      0.9096  0.4154  0.      1.0739]
 [ 1.      2.      0.8413  0.5406  0.      0.9373]
 [ 1.      2.      0.7557  0.6549  0.      0.7979]
 [ 1.      2.      0.6549  0.7557  0.      0.6712]
 [ 1.      2.      0.5406  0.8413  0.      0.5675]
 [ 1.      2.      0.4154  0.9096  0.      0.4909]
 [ 1.      2.      0.2817  0.9595  0.      0.4406]
 [ 1.      2.      0.1423  0.9898  0.      0.4129]
 [ 1.      2.      0.      1.      0.      0.4042]
 [ 1.      2.     -0.1423  0.9898  0.      0.4129]
 [ 1.      2.     -0.2817  0.9595  0.      0.4406]
 [ 1.      2.     -0.4154  0.9096  0.      0.4909]
 [ 1.      2.     -0.5406  0.8413  0.      0.5675]
 [ 1.      2.     -0.6549  0.7557  0.      0.6712]
 [ 1.      2.     -0.7557  0.6549  0.      0.7979]
 [ 1.      2.     -0.8413  0.5406  0.      0.9373]
 [ 1.      2.     -0.9096  0.4154  0.      1.0739]
 [ 1.      2.     -0.9595  0.2817  0.      1.1896]
 [ 1.      2.     -0.9898  0.1423  0.      1.2672]
 [ 1.      2.     -1.      0.      0.      1.2945]
 [ 1.      2.     -0.9898 -0.1423  0.      1.2672]
 [ 1.      2.     -0.9595 -0.2817  0.      1.1896]
 [ 1.      2.     -0.9096 -0.4154  0.      1.0739]
 [ 1.      2.     -0.8413 -0.5406  0.      0.9373]
 [ 1.      2.     -0.7557 -0.6549  0.      0.7979]
 [ 1.      2.     -0.6549 -0.7557  0.      0.6712]
 [ 1.      2.     -0.5406 -0.8413  0.      0.5675]
 [ 1.      2.     -0.4154 -0.9096  0.      0.4909]
 [ 1.      2.     -0.2817 -0.9595  0.      0.4406]
 [ 1.      2.     -0.1423 -0.9898  0.      0.4129]
 [ 1.      2.     -0.     -1.      0.      0.4042]
 [ 1.      2.      0.1423 -0.9898  0.      0.4129]
 [ 1.      2.      0.2817 -0.9595  0.      0.4406]
 [ 1.      2.      0.4154 -0.9096  0.      0.4909]
 [ 1.      2.      0.5406 -0.8413  0.      0.5675]
 [ 1.      2.      0.6549 -0.7557  0.      0.6712]
 [ 1.      2.      0.7557 -0.6549  0.      0.7979]
 [ 1.      2.      0.8413 -0.5406  0.      0.9373]
 [ 1.      2.      0.9096 -0.4154  0.      1.0739]
 [ 1.      2.      0.9595 -0.2817  0.      1.1896]
 [ 1.      2.      0.9898 -0.1423  0.      1.2672]
 [ 1.      2.      1.     -0.      0.      1.2945]]
[[ 1.      5.      1.      0.      0.      0.4042]
 [ 1.      5.      0.9898  0.1423  0.      0.4129]
 [ 1.      5.      0.9595  0.2817  0.      0.4406]
 [ 1.      5.      0.9096  0.4154  0.      0.4909]
 [ 1.      5.      0.8413  0.5406  0.      0.5675]
 [ 1.      5.      0.7557  0.6549  0.      0.6712]
 [ 1.      5.      0.6549  0.7557  0.      0.7979]
 [ 1.      5.      0.5406  0.8413  0.      0.9373]
 [ 1.      5.      0.4154  0.9096  0.      1.0739]
 [ 1.      5.      0.2817  0.9595  0.      1.1896]
 [ 1.      5.      0.1423  0.9898  0.      1.2672]
 [ 1.      5.      0.      1.      0.      1.2945]
 [ 1.      5.     -0.1423  0.9898  0.      1.2672]
 [ 1.      5.     -0.2817  0.9595  0.      1.1896]
 [ 1.      5.     -0.4154  0.9096  0.      1.0739]
 [ 1.      5.     -0.5406  0.8413  0.      0.9373]
 [ 1.      5.     -0.6549  0.7557  0.      0.7979]
 [ 1.      5.     -0.7557  0.6549  0.      0.6712]
 [ 1.      5.     -0.8413  0.5406  0.      0.5675]
 [ 1.      5.     -0.9096  0.4154  0.      0.4909]
 [ 1.      5.     -0.9595  0.2817  0.      0.4406]
 [ 1.      5.     -0.9898  0.1423  0.      0.4129]
 [ 1.      5.     -1.      0.      0.      0.4042]
 [ 1.      5.     -0.9898 -0.1423  0.      0.4129]
 [ 1.      5.     -0.9595 -0.2817  0.      0.4406]
 [ 1.      5.     -0.9096 -0.4154  0.      0.4909]
 [ 1.      5.     -0.8413 -0.5406  0.      0.5675]
 [ 1.      5.     -0.7557 -0.6549  0.      0.6712]
 [ 1.      5.     -0.6549 -0.7557  0.      0.7979]
 [ 1.      5.     -0.5406 -0.8413  0.      0.9373]
 [ 1.      5.     -0.4154 -0.9096  0.      1.0739]
 [ 1.      5.     -0.2817 -0.9595  0.      1.1896]
 [ 1.      5.     -0.1423 -0.9898  0.      1.2672]
 [ 1.      5.     -0.     -1.      0.      1.2945]
 [ 1.      5.      0.1423 -0.9898  0.      1.2672]
 [ 1.      5.      0.2817 -0.9595  0.      1.1896]
 [ 1.      5.      0.4154 -0.9096  0.      1.0739]
 [ 1.      5.      0.5406 -0.8413  0.      0.9373]
 [ 1.      5.      0.6549 -0.7557  0.      0.7979]
 [ 1.      5.      0.7557 -0.6549  0.      0.6712]
 [ 1.      5.      0.8413 -0.5406  0.      0.5675]
 [ 1.      5.      0.9096 -0.4154  0.      0.4909]
 [ 1.      5.      0.9595 -0.2817  0.      0.4406]
 [ 1.      5.      0.9898 -0.1423  0.      0.4129]
 [ 1.      5.      1.     -0.      0.      0.4042]]
paper/mols/aromacity/C6H6.log
 1- 2:    0.6604
 1- 6:    0.6604
 2- 3:    0.6604
 3- 4:    0.6604
 4- 5:    0.6604
 5- 6:    0.6604
1.5448866787255892e-06
paper/mols/aromacity/ph2.log
 1- 2:    0.7372
 1- 6:    0.5623
 2- 3:    0.5391
 3- 4:    0.5345
 3-10:    0.5391
 4- 5:    0.5391
 4-11:    0.5391
 5- 6:    0.7372
10-15:    0.7372
11-14:    0.7372
14-15:    0.5623
0.09282651882928755
paper/mols/aromacity/line6.log
 1- 4:    0.9036
 4- 6:    0.3981
 6- 8:    0.8380
 8-10:    0.3981
10-12:    0.9036
0.23816304757084145
paper/mols/aromacity/rNH2.log
 1- 2:    0.9142
 2- 3:    0.3702
 3- 4:    0.9142
0.25641997745973044
paper/mols/aromacity/rNF2.log
 1- 2:    0.8954
 2- 3:    0.2477
 3- 4:    0.8954
0.30532993327160457
paper/mols/aromacity/C4H4.log
 1- 2:    0.9926
 1- 4:    0.0000
 2- 3:    0.0000
 3- 4:    0.9926
0.4962860405629278
paper/mols/aromacity/ph-ph.log
 1- 2:    0.6247
 1- 6:    0.6247
 1- 7:    0.3087
 2- 3:    0.6701
 3- 4:    0.6528
 4- 5:    0.6528
 5- 6:    0.6701
 7- 8:    0.6247
 7-12:    0.6247
 8- 9:    0.6701
 9-10:    0.6528
10-11:    0.6528
11-12:    0.6701
0.09249373083622493
paper/mols/aromacity/phR-phR.log
 1- 2:    0.6142
 1- 6:    0.6744
 2- 3:    0.6005
 2-21:    0.3464
 3- 4:    0.6127
 3-10:    0.2801
 4- 5:    0.6805
 5- 6:    0.6331
10-11:    0.2893
10-12:    0.8330
11-13:    0.3165
11-20:    0.8375
12-14:    0.3377
13-16:    0.8852
14-16:    0.3095
14-19:    0.8243
0.21438793114591911
paper/mols/aromacity/since.log
 1-21:    0.5331
 1-37:    0.4507
 2-21:    0.5219
 2-29:    0.4522
21-54:    0.4505
26-47:    0.6576
26-49:    0.6235
27-30:    0.6526
27-42:    0.6667
29-37:    0.8120
30-47:    0.6619
42-49:    0.6236
49-54:    0.2220
54-55:    0.7261
55-56:    0.0000
0.19943882197303697
[[-0.9984 -2.4307  0.    ]]
[[-0.9984 -2.4307  0.    ]]
[[-0.9984 -2.4307  0.    ]]
paper/mols/neNHC/NHC-wfn-.log
  1    1.0000    0.0011   -0.0000    1.4777
  1    0.9850   -0.1318    0.1118    1.4875
  1    0.9400   -0.2607    0.2202    1.5153
  1    0.8665   -0.3816    0.3219    1.5561
  1    0.7666   -0.4910    0.4138    1.6032
  1    0.6435   -0.5855    0.4931    1.6497
  1    0.5008   -0.6621    0.5575    1.6900
  1    0.3428   -0.7187    0.6049    1.7205
  1    0.1745   -0.7534    0.6340    1.7391
  1    0.0009   -0.7652    0.6438    1.7454
  1   -0.1728   -0.7538    0.6340    1.7391
  1   -0.3412   -0.7195    0.6049    1.7205
  1   -0.4992   -0.6633    0.5575    1.6900
  1   -0.6421   -0.5869    0.4931    1.6497
  1   -0.7655   -0.4928    0.4138    1.6033
  1   -0.8656   -0.3836    0.3219    1.5562
  1   -0.9394   -0.2628    0.2202    1.5154
  1   -0.9847   -0.1340    0.1118    1.4876
  1   -1.0000   -0.0011    0.0000    1.4777
  1    1.0000    0.0011   -0.0000    1.4777
  1    0.9850   -0.1725   -0.0000    1.4973
  1    0.9401   -0.3409   -0.0000    1.5528
  1    0.8666   -0.4990   -0.0000    1.6350
  1    0.7668   -0.6419   -0.0000    1.7310
  1    0.6437   -0.7653   -0.0000    1.8274
  1    0.5010   -0.8655   -0.0000    1.9125
  1    0.3431   -0.9393   -0.0000    1.9779
  1    0.1748   -0.9846   -0.0000    2.0187
  1    0.0011   -1.0000   -0.0000    2.0325
  1   -0.1725   -0.9850   -0.0000    2.0187
  1   -0.3409   -0.9401   -0.0000    1.9779
  1   -0.4990   -0.8666   -0.0000    1.9125
  1   -0.6419   -0.7668   -0.0000    1.8275
  1   -0.7653   -0.6437   -0.0000    1.7311
  1   -0.8655   -0.5010   -0.0000    1.6351
  1   -0.9393   -0.3431   -0.0000    1.5529
  1   -0.9846   -0.1748   -0.0000    1.4974
  1   -1.0000   -0.0011   -0.0000    1.4777
  1    1.0000    0.0011   -0.0000    1.4777
  1    0.9850   -0.1318   -0.1118    1.4875
  1    0.9400   -0.2607   -0.2202    1.5153
  1    0.8665   -0.3816   -0.3219    1.5561
  1    0.7666   -0.4910   -0.4138    1.6032
  1    0.6435   -0.5855   -0.4931    1.6497
  1    0.5008   -0.6621   -0.5575    1.6900
  1    0.3428   -0.7187   -0.6049    1.7205
  1    0.1745   -0.7534   -0.6340    1.7391
  1    0.0009   -0.7652   -0.6438    1.7454
  1   -0.1728   -0.7538   -0.6340    1.7391
  1   -0.3412   -0.7195   -0.6049    1.7205
  1   -0.4992   -0.6633   -0.5575    1.6900
  1   -0.6421   -0.5869   -0.4931    1.6497
  1   -0.7655   -0.4928   -0.4138    1.6033
  1   -0.8656   -0.3836   -0.3219    1.5562
  1   -0.9394   -0.2628   -0.2202    1.5154
  1   -0.9847   -0.1340   -0.1118    1.4876
  1   -1.0000   -0.0011   -0.0000    1.4777
[[-0.9984 -2.4307  0.    ]]
[[-0.9984 -2.4307  0.    ]]
[[-0.9984 -2.4307  0.    ]]
paper/mols/neNHC/NHC-wfn0.log
  1    1.0000    0.0011   -0.0000    1.5901
  1    0.9850   -0.1318    0.1118    1.5997
  1    0.9400   -0.2607    0.2202    1.6265
  1    0.8665   -0.3816    0.3219    1.6652
  1    0.7666   -0.4910    0.4138    1.7091
  1    0.6435   -0.5855    0.4931    1.7513
  1    0.5008   -0.6621    0.5575    1.7866
  1    0.3428   -0.7187    0.6049    1.8124
  1    0.1745   -0.7534    0.6340    1.8277
  1    0.0009   -0.7652    0.6438    1.8328
  1   -0.1728   -0.7538    0.6340    1.8277
  1   -0.3412   -0.7195    0.6049    1.8123
  1   -0.4992   -0.6633    0.5575    1.7865
  1   -0.6421   -0.5869    0.4931    1.7512
  1   -0.7655   -0.4928    0.4138    1.7090
  1   -0.8656   -0.3836    0.3219    1.6652
  1   -0.9394   -0.2628    0.2202    1.6264
  1   -0.9847   -0.1340    0.1118    1.5997
  1   -1.0000   -0.0011    0.0000    1.5901
  1    1.0000    0.0011   -0.0000    1.5901
  1    0.9850   -0.1725   -0.0000    1.6085
  1    0.9401   -0.3409   -0.0000    1.6600
  1    0.8666   -0.4990   -0.0000    1.7350
  1    0.7668   -0.6419   -0.0000    1.8205
  1    0.6437   -0.7653   -0.0000    1.9038
  1    0.5010   -0.8655   -0.0000    1.9747
  1    0.3431   -0.9393   -0.0000    2.0272
  1    0.1748   -0.9846   -0.0000    2.0589
  1    0.0011   -1.0000   -0.0000    2.0694
  1   -0.1725   -0.9850   -0.0000    2.0588
  1   -0.3409   -0.9401   -0.0000    2.0271
  1   -0.4990   -0.8666   -0.0000    1.9746
  1   -0.6419   -0.7668   -0.0000    1.9037
  1   -0.7653   -0.6437   -0.0000    1.8205
  1   -0.8655   -0.5010   -0.0000    1.7349
  1   -0.9393   -0.3431   -0.0000    1.6599
  1   -0.9846   -0.1748   -0.0000    1.6084
  1   -1.0000   -0.0011   -0.0000    1.5901
  1    1.0000    0.0011   -0.0000    1.5901
  1    0.9850   -0.1318   -0.1118    1.5997
  1    0.9400   -0.2607   -0.2202    1.6265
  1    0.8665   -0.3816   -0.3219    1.6652
  1    0.7666   -0.4910   -0.4138    1.7091
  1    0.6435   -0.5855   -0.4931    1.7513
  1    0.5008   -0.6621   -0.5575    1.7866
  1    0.3428   -0.7187   -0.6049    1.8124
  1    0.1745   -0.7534   -0.6340    1.8277
  1    0.0009   -0.7652   -0.6438    1.8328
  1   -0.1728   -0.7538   -0.6340    1.8277
  1   -0.3412   -0.7195   -0.6049    1.8123
  1   -0.4992   -0.6633   -0.5575    1.7865
  1   -0.6421   -0.5869   -0.4931    1.7512
  1   -0.7655   -0.4928   -0.4138    1.7090
  1   -0.8656   -0.3836   -0.3219    1.6652
  1   -0.9394   -0.2628   -0.2202    1.6264
  1   -0.9847   -0.1340   -0.1118    1.5997
  1   -1.0000   -0.0011   -0.0000    1.5901
[[-0.9984 -2.4307  0.    ]]
[[-0.9984 -2.4307  0.    ]]
[[-0.9984 -2.4307  0.    ]]
paper/mols/neNHC/NHC-wfn+.log
  1    1.0000    0.0011   -0.0000    1.4799
  1    0.9850   -0.1318    0.1118    1.4874
  1    0.9400   -0.2607    0.2202    1.5108
  1    0.8665   -0.3816    0.3219    1.5486
  1    0.7666   -0.4910    0.4138    1.5978
  1    0.6435   -0.5855    0.4931    1.6534
  1    0.5008   -0.6621    0.5575    1.7087
  1    0.3428   -0.7187    0.6049    1.7562
  1    0.1745   -0.7534    0.6340    1.7885
  1    0.0009   -0.7652    0.6438    1.8004
  1   -0.1728   -0.7538    0.6340    1.7901
  1   -0.3412   -0.7195    0.6049    1.7592
  1   -0.4992   -0.6633    0.5575    1.7128
  1   -0.6421   -0.5869    0.4931    1.6579
  1   -0.7655   -0.4928    0.4138    1.6022
  1   -0.8656   -0.3836    0.3219    1.5524
  1   -0.9394   -0.2628    0.2202    1.5136
  1   -0.9847   -0.1340    0.1118    1.4889
  1   -1.0000   -0.0011    0.0000    1.4799
  1    1.0000    0.0011   -0.0000    1.4799
  1    0.9850   -0.1725   -0.0000    1.4973
  1    0.9401   -0.3409   -0.0000    1.5494
  1    0.8666   -0.4990   -0.0000    1.6304
  1    0.7668   -0.6419   -0.0000    1.7309
  1    0.6437   -0.7653   -0.0000    1.8392
  1    0.5010   -0.8655   -0.0000    1.9421
  1    0.3431   -0.9393   -0.0000    2.0270
  1    0.1748   -0.9846   -0.0000    2.0831
  1    0.0011   -1.0000   -0.0000    2.1033
  1   -0.1725   -0.9850   -0.0000    2.0851
  1   -0.3409   -0.9401   -0.0000    2.0307
  1   -0.4990   -0.8666   -0.0000    1.9471
  1   -0.6419   -0.7668   -0.0000    1.8449
  1   -0.7653   -0.6437   -0.0000    1.7366
  1   -0.8655   -0.5010   -0.0000    1.6354
  1   -0.9393   -0.3431   -0.0000    1.5531
  1   -0.9846   -0.1748   -0.0000    1.4993
  1   -1.0000   -0.0011   -0.0000    1.4799
  1    1.0000    0.0011   -0.0000    1.4799
  1    0.9850   -0.1318   -0.1118    1.4874
  1    0.9400   -0.2607   -0.2202    1.5108
  1    0.8665   -0.3816   -0.3219    1.5486
  1    0.7666   -0.4910   -0.4138    1.5978
  1    0.6435   -0.5855   -0.4931    1.6534
  1    0.5008   -0.6621   -0.5575    1.7087
  1    0.3428   -0.7187   -0.6049    1.7562
  1    0.1745   -0.7534   -0.6340    1.7885
  1    0.0009   -0.7652   -0.6438    1.8004
  1   -0.1728   -0.7538   -0.6340    1.7901
  1   -0.3412   -0.7195   -0.6049    1.7592
  1   -0.4992   -0.6633   -0.5575    1.7128
  1   -0.6421   -0.5869   -0.4931    1.6579
  1   -0.7655   -0.4928   -0.4138    1.6022
  1   -0.8656   -0.3836   -0.3219    1.5524
  1   -0.9394   -0.2628   -0.2202    1.5136
  1   -0.9847   -0.1340   -0.1118    1.4889
  1   -1.0000   -0.0011   -0.0000    1.4799
[[ 4.2125  0.9801 -0.664 ]]
[[ 4.2125  0.9801 -0.664 ]]
[[ 4.2125  0.9801 -0.664 ]]
paper/mols/neNHC/since4_s_wfn-.log
 13    0.0533   -0.8157    0.5760    1.7160
 13    0.2114   -0.8364    0.5056    1.7314
 13    0.3631   -0.8318    0.4199    1.7766
 13    0.5038   -0.8018    0.3214    1.8463
 13    0.6291   -0.7475    0.2132    1.9324
 13    0.7354   -0.6705    0.0985    2.0244
 13    0.8193   -0.5731   -0.0192    2.1110
 13    0.8783   -0.4582   -0.1364    2.1816
 13    0.9106   -0.3295   -0.2494    2.2274
 13    0.9153   -0.1908   -0.3548    2.2427
 13    0.8921   -0.0462   -0.4494    2.2258
 13    0.8419    0.0997   -0.5304    2.1790
 13    0.7660    0.2427   -0.5952    2.1083
 13    0.6669    0.3782   -0.6420    2.0223
 13    0.5475    0.5023   -0.6693    1.9314
 13    0.4115    0.6111   -0.6762    1.8463
 13    0.2630    0.7013   -0.6626    1.7771
 13    0.1065    0.7702   -0.6289    1.7319
 13   -0.0533    0.8157   -0.5760    1.7160
 13    0.0533   -0.8157    0.5760    1.7160
 13    0.2258   -0.7954    0.5625    1.7366
 13    0.3916   -0.7509    0.5318    1.7938
 13    0.5454   -0.6836    0.4850    1.8822
 13    0.6827   -0.5955    0.4235    1.9924
 13    0.7992   -0.4893    0.3491    2.1120
 13    0.8914   -0.3683    0.2641    2.2268
 13    0.9566   -0.2360    0.1711    2.3219
 13    0.9927   -0.0966    0.0728    2.3844
 13    0.9986    0.0457   -0.0276    2.4055
 13    0.9742    0.1867   -0.1272    2.3822
 13    0.9201    0.3219   -0.2229    2.3177
 13    0.8382    0.4474   -0.3119    2.2211
 13    0.7307    0.5593   -0.3914    2.1055
 13    0.6011    0.6543   -0.4590    1.9857
 13    0.4532    0.7293   -0.5126    1.8762
 13    0.2915    0.7822   -0.5507    1.7893
 13    0.1210    0.8113   -0.5720    1.7341
 13   -0.0533    0.8157   -0.5760    1.7160
 13    0.0533   -0.8157    0.5760    1.7160
 13    0.2109   -0.7557    0.6201    1.7341
 13    0.3620   -0.6727    0.6453    1.7812
 13    0.5022   -0.5692    0.6510    1.8517
 13    0.6272   -0.4485    0.6368    1.9373
 13    0.7330   -0.3141    0.6033    2.0280
 13    0.8166   -0.1702    0.5515    2.1132
 13    0.8754   -0.0211    0.4829    2.1824
 13    0.9076    0.1286    0.3997    2.2274
 13    0.9122    0.2744    0.3043    2.2422
 13    0.8891    0.4119    0.1996    2.2249
 13    0.8390    0.5368    0.0889    2.1773
 13    0.7634    0.6455   -0.0245    2.1054
 13    0.6646    0.7345   -0.1372    2.0180
 13    0.5456    0.8013   -0.2457    1.9260
 13    0.4100    0.8436   -0.3467    1.8407
 13    0.2619    0.8604   -0.4372    1.7724
 13    0.1060    0.8510   -0.5144    1.7292
 13   -0.0533    0.8157   -0.5760    1.7160
[[ 4.2125  0.9801 -0.664 ]]
[[ 4.2125  0.9801 -0.664 ]]
[[ 4.2125  0.9801 -0.664 ]]
paper/mols/neNHC/since4_s_wfn0.log
 13    0.0533   -0.8157    0.5760    1.8289
 13    0.2114   -0.8364    0.5056    1.8427
 13    0.3631   -0.8318    0.4199    1.8831
 13    0.5038   -0.8018    0.3214    1.9435
 13    0.6291   -0.7475    0.2132    2.0145
 13    0.7354   -0.6705    0.0985    2.0866
 13    0.8193   -0.5731   -0.0192    2.1512
 13    0.8783   -0.4582   -0.1364    2.2019
 13    0.9106   -0.3295   -0.2494    2.2346
 13    0.9153   -0.1908   -0.3548    2.2471
 13    0.8921   -0.0462   -0.4494    2.2382
 13    0.8419    0.0997   -0.5304    2.2083
 13    0.7660    0.2427   -0.5952    2.1590
 13    0.6669    0.3782   -0.6420    2.0945
 13    0.5475    0.5023   -0.6693    2.0214
 13    0.4115    0.6111   -0.6762    1.9486
 13    0.2630    0.7013   -0.6626    1.8864
 13    0.1065    0.7702   -0.6289    1.8443
 13   -0.0533    0.8157   -0.5760    1.8289
 13    0.0533   -0.8157    0.5760    1.8289
 13    0.2258   -0.7954    0.5625    1.8483
 13    0.3916   -0.7509    0.5318    1.8999
 13    0.5454   -0.6836    0.4850    1.9737
 13    0.6827   -0.5955    0.4235    2.0566
 13    0.7992   -0.4893    0.3491    2.1361
 13    0.8914   -0.3683    0.2641    2.2026
 13    0.9566   -0.2360    0.1711    2.2509
 13    0.9927   -0.0966    0.0728    2.2794
 13    0.9986    0.0457   -0.0276    2.2884
 13    0.9742    0.1867   -0.1272    2.2780
 13    0.9201    0.3219   -0.2229    2.2481
 13    0.8382    0.4474   -0.3119    2.1983
 13    0.7307    0.5593   -0.3914    2.1306
 13    0.6011    0.6543   -0.4590    2.0505
 13    0.4532    0.7293   -0.5126    1.9678
 13    0.2915    0.7822   -0.5507    1.8952
 13    0.1210    0.8113   -0.5720    1.8457
 13   -0.0533    0.8157   -0.5760    1.8289
 13    0.0533   -0.8157    0.5760    1.8289
 13    0.2109   -0.7557    0.6201    1.8467
 13    0.3620   -0.6727    0.6453    1.8909
 13    0.5022   -0.5692    0.6510    1.9544
 13    0.6272   -0.4485    0.6368    2.0276
 13    0.7330   -0.3141    0.6033    2.1004
 13    0.8166   -0.1702    0.5515    2.1639
 13    0.8754   -0.0211    0.4829    2.2117
 13    0.9076    0.1286    0.3997    2.2401
 13    0.9122    0.2744    0.3043    2.2473
 13    0.8891    0.4119    0.1996    2.2333
 13    0.8390    0.5368    0.0889    2.1990
 13    0.7634    0.6455   -0.0245    2.1468
 13    0.6646    0.7345   -0.1372    2.0812
 13    0.5456    0.8013   -0.2457    2.0087
 13    0.4100    0.8436   -0.3467    1.9379
 13    0.2619    0.8604   -0.4372    1.8788
 13    0.1060    0.8510   -0.5144    1.8403
 13   -0.0533    0.8157   -0.5760    1.8289
[[ 4.2125  0.9801 -0.664 ]]
[[ 4.2125  0.9801 -0.664 ]]
[[ 4.2125  0.9801 -0.664 ]]
paper/mols/neNHC/since4_s_wfn+.log
 13    0.0533   -0.8157    0.5760    2.2374
 13    0.2114   -0.8364    0.5056    2.2394
 13    0.3631   -0.8318    0.4199    2.2482
 13    0.5038   -0.8018    0.3214    2.2625
 13    0.6291   -0.7475    0.2132    2.2807
 13    0.7354   -0.6705    0.0985    2.3005
 13    0.8193   -0.5731   -0.0192    2.3196
 13    0.8783   -0.4582   -0.1364    2.3357
 13    0.9106   -0.3295   -0.2494    2.3469
 13    0.9153   -0.1908   -0.3548    2.3520
 13    0.8921   -0.0462   -0.4494    2.3503
 13    0.8419    0.0997   -0.5304    2.3419
 13    0.7660    0.2427   -0.5952    2.3278
 13    0.6669    0.3782   -0.6420    2.3097
 13    0.5475    0.5023   -0.6693    2.2897
 13    0.4115    0.6111   -0.6762    2.2703
 13    0.2630    0.7013   -0.6626    2.2538
 13    0.1065    0.7702   -0.6289    2.2424
 13   -0.0533    0.8157   -0.5760    2.2374
 13    0.0533   -0.8157    0.5760    2.2374
 13    0.2258   -0.7954    0.5625    2.2434
 13    0.3916   -0.7509    0.5318    2.2597
 13    0.5454   -0.6836    0.4850    2.2834
 13    0.6827   -0.5955    0.4235    2.3101
 13    0.7992   -0.4893    0.3491    2.3361
 13    0.8914   -0.3683    0.2641    2.3580
 13    0.9566   -0.2360    0.1711    2.3741
 13    0.9927   -0.0966    0.0728    2.3838
 13    0.9986    0.0457   -0.0276    2.3870
 13    0.9742    0.1867   -0.1272    2.3837
 13    0.9201    0.3219   -0.2229    2.3738
 13    0.8382    0.4474   -0.3119    2.3575
 13    0.7307    0.5593   -0.3914    2.3353
 13    0.6011    0.6543   -0.4590    2.3093
 13    0.4532    0.7293   -0.5126    2.2825
 13    0.2915    0.7822   -0.5507    2.2590
 13    0.1210    0.8113   -0.5720    2.2430
 13   -0.0533    0.8157   -0.5760    2.2374
 13    0.0533   -0.8157    0.5760    2.2374
 13    0.2109   -0.7557    0.6201    2.2428
 13    0.3620   -0.6727    0.6453    2.2546
 13    0.5022   -0.5692    0.6510    2.2714
 13    0.6272   -0.4485    0.6368    2.2910
 13    0.7330   -0.3141    0.6033    2.3110
 13    0.8166   -0.1702    0.5515    2.3291
 13    0.8754   -0.0211    0.4829    2.3430
 13    0.9076    0.1286    0.3997    2.3511
 13    0.9122    0.2744    0.3043    2.3525
 13    0.8891    0.4119    0.1996    2.3472
 13    0.8390    0.5368    0.0889    2.3356
 13    0.7634    0.6455   -0.0245    2.3192
 13    0.6646    0.7345   -0.1372    2.2999
 13    0.5456    0.8013   -0.2457    2.2800
 13    0.4100    0.8436   -0.3467    2.2618
 13    0.2619    0.8604   -0.4372    2.2476
 13    0.1060    0.8510   -0.5144    2.2391
 13   -0.0533    0.8157   -0.5760    2.2374
3
  3    0.2958    0.4785    0.8267    1.1720
  3   -0.2958   -0.4785   -0.8267    1.1720
25
 25    0.0000   -0.0356    0.9994    1.0824
 25    0.0806    0.1242    0.9890    1.0787
 25    0.1586    0.2800    0.9468    1.0755
 25    0.2315    0.4269    0.8742    1.0733
 25    0.2969    0.5600    0.7735    1.0725
 25    0.3528    0.6751    0.6479    1.0732
 25    0.3974    0.7685    0.5015    1.0752
 25    0.4292    0.8372    0.3390    1.0782
 25    0.4472    0.8790    0.1656    1.0817
 25    0.4508    0.8925   -0.0131    1.0852
 25    0.4399    0.8774   -0.1914    1.0883
 25    0.4149    0.8341   -0.3636    1.0908
 25    0.3766    0.7639   -0.5240    1.0923
 25    0.3262    0.6692   -0.6677    1.0929
 25    0.2652    0.5530   -0.7898    1.0923
 25    0.1958    0.4190   -0.8866    1.0905
 25    0.1201    0.2716   -0.9549    1.0878
 25    0.0405    0.1154   -0.9925    1.0843
 25   -0.0405   -0.0445   -0.9982    1.0805
 25   -0.1201   -0.2029   -0.9718    1.0770
 25   -0.1958   -0.3549   -0.9142    1.0742
 25   -0.2652   -0.4954   -0.8272    1.0727
 25   -0.3262   -0.6200   -0.7136    1.0727
 25   -0.3766   -0.7247   -0.5771    1.0741
 25   -0.4149   -0.8061   -0.4220    1.0766
 25   -0.4399   -0.8615   -0.2534    1.0799
 25   -0.4508   -0.8893   -0.0766    1.0835
 25   -0.4472   -0.8885    0.1027    1.0868
 25   -0.4292   -0.8592    0.2786    1.0896
 25   -0.3974   -0.8022    0.4456    1.0917
 25   -0.3528   -0.7195    0.5983    1.0927
 25   -0.2969   -0.6136    0.7317    1.0927
 25   -0.2315   -0.4880    0.8416    1.0915
 25   -0.1586   -0.3467    0.9245    1.0893
 25   -0.0806   -0.1943    0.9776    1.0861
[[-2.6393 -0.469  -3.2388]]
[[-2.6393 -0.469  -3.2388]]
[[-2.6393 -0.469  -3.2388]]
26
 26    0.0190    0.0284    0.9994    1.2471
 26   -0.0564   -0.1285    0.9901    1.2274
 26   -0.1301   -0.2814    0.9507    1.2052
 26   -0.1999   -0.4259    0.8824    1.1832
 26   -0.2636   -0.5573    0.7873    1.1639
 26   -0.3192   -0.6719    0.6683    1.1498
 26   -0.3652   -0.7660    0.5290    1.1424
 26   -0.4001   -0.8369    0.3736    1.1428
 26   -0.4228   -0.8823    0.2069    1.1510
 26   -0.4327   -0.9009    0.0338    1.1661
 26   -0.4295   -0.8921   -0.1402    1.1862
 26   -0.4131   -0.8563   -0.3100    1.2089
 26   -0.3843   -0.7944   -0.4704    1.2313
 26   -0.3437   -0.7084   -0.6165    1.2507
 26   -0.2927   -0.6008   -0.7438    1.2647
 26   -0.2329   -0.4750   -0.8486    1.2716
 26   -0.1659   -0.3348   -0.9276    1.2707
 26   -0.0939   -0.1844   -0.9784    1.2622
 26   -0.0190   -0.0284   -0.9994    1.2471
 26    0.0190    0.0284    0.9994    1.2471
 26   -0.0374   -0.1363    0.9900    1.2267
 26   -0.0927   -0.2968    0.9504    1.2041
 26   -0.1452   -0.4482    0.8820    1.1821
 26   -0.1933   -0.5861    0.7868    1.1633
 26   -0.2355   -0.7062    0.6677    1.1501
 26   -0.2706   -0.8048    0.5283    1.1440
 26   -0.2974   -0.8789    0.3729    1.1457
 26   -0.3152   -0.9264    0.2061    1.1551
 26   -0.3235   -0.9457    0.0330    1.1708
 26   -0.3218   -0.9362   -0.1410    1.1912
 26   -0.3105   -0.8983   -0.3108    1.2137
 26   -0.2896   -0.8332   -0.4711    1.2356
 26   -0.2600   -0.7427   -0.6171    1.2543
 26   -0.2225   -0.6296   -0.7444    1.2676
 26   -0.1782   -0.4974   -0.8490    1.2738
 26   -0.1285   -0.3501   -0.9278    1.2722
 26   -0.0749   -0.1922   -0.9785    1.2629
 26   -0.0190   -0.0284   -0.9994    1.2471
 26    0.0190    0.0284    0.9994    1.2471
 26   -0.0177   -0.1417    0.9897    1.2265
 26   -0.0538   -0.3076    0.9500    1.2043
 26   -0.0883   -0.4640    0.8814    1.1833
 26   -0.1202   -0.6064    0.7860    1.1661
 26   -0.1484   -0.7304    0.6667    1.1547
 26   -0.1721   -0.8321    0.5272    1.1506
 26   -0.1905   -0.9086    0.3717    1.1542
 26   -0.2032   -0.9575    0.2048    1.1649
 26   -0.2097   -0.9773    0.0318    1.1814
 26   -0.2098   -0.9673   -0.1423    1.2018
 26   -0.2035   -0.9280   -0.3120    1.2236
 26   -0.1911   -0.8605   -0.4722    1.2443
 26   -0.1729   -0.7669   -0.6181    1.2614
 26   -0.1494   -0.6499   -0.7452    1.2729
 26   -0.1213   -0.5132   -0.8496    1.2773
 26   -0.0896   -0.3609   -0.9283    1.2742
 26   -0.0552   -0.1977   -0.9787    1.2637
 26   -0.0190   -0.0284   -0.9994    1.2471
27
 27    0.1156    0.5738    0.8108    1.0279
 27   -0.1156   -0.5738   -0.8108    1.0279
