/data/mols/Fig6.neNHC/NHC-wfn-.log
  1    1.0000    0.0011   -0.0000    1.4777
  1    0.9850   -0.1318    0.1118    1.4875
  1    0.9400   -0.2607    0.2202    1.5153
  1    0.8665   -0.3816    0.3219    1.5561
  1    0.7666   -0.4910    0.4138    1.6032
  1    0.6435   -0.5855    0.4931    1.6497
  1    0.5008   -0.6621    0.5575    1.6900
  1    0.3428   -0.7187    0.6049    1.7205
  1    0.1745   -0.7534    0.6340    1.7391
  1    0.0009   -0.7652    0.6438    1.7454
  1   -0.1728   -0.7538    0.6340    1.7391
  1   -0.3412   -0.7195    0.6049    1.7205
  1   -0.4992   -0.6633    0.5575    1.6900
  1   -0.6421   -0.5869    0.4931    1.6497
  1   -0.7655   -0.4928    0.4138    1.6033
  1   -0.8656   -0.3836    0.3219    1.5562
  1   -0.9394   -0.2628    0.2202    1.5154
  1   -0.9847   -0.1340    0.1118    1.4876
  1   -1.0000   -0.0011    0.0000    1.4777
  1    1.0000    0.0011   -0.0000    1.4777
  1    0.9850   -0.1725   -0.0000    1.4973
  1    0.9401   -0.3409   -0.0000    1.5528
  1    0.8666   -0.4990   -0.0000    1.6350
  1    0.7668   -0.6419   -0.0000    1.7310
  1    0.6437   -0.7653   -0.0000    1.8274
  1    0.5010   -0.8655   -0.0000    1.9125
  1    0.3431   -0.9393   -0.0000    1.9779
  1    0.1748   -0.9846   -0.0000    2.0187
  1    0.0011   -1.0000   -0.0000    2.0325
  1   -0.1725   -0.9850   -0.0000    2.0187
  1   -0.3409   -0.9401   -0.0000    1.9779
  1   -0.4990   -0.8666   -0.0000    1.9125
  1   -0.6419   -0.7668   -0.0000    1.8275
  1   -0.7653   -0.6437   -0.0000    1.7311
  1   -0.8655   -0.5010   -0.0000    1.6351
  1   -0.9393   -0.3431   -0.0000    1.5529
  1   -0.9846   -0.1748   -0.0000    1.4974
  1   -1.0000   -0.0011   -0.0000    1.4777
  1    1.0000    0.0011   -0.0000    1.4777
  1    0.9850   -0.1318   -0.1118    1.4875
  1    0.9400   -0.2607   -0.2202    1.5153
  1    0.8665   -0.3816   -0.3219    1.5561
  1    0.7666   -0.4910   -0.4138    1.6032
  1    0.6435   -0.5855   -0.4931    1.6497
  1    0.5008   -0.6621   -0.5575    1.6900
  1    0.3428   -0.7187   -0.6049    1.7205
  1    0.1745   -0.7534   -0.6340    1.7391
  1    0.0009   -0.7652   -0.6438    1.7454
  1   -0.1728   -0.7538   -0.6340    1.7391
  1   -0.3412   -0.7195   -0.6049    1.7205
  1   -0.4992   -0.6633   -0.5575    1.6900
  1   -0.6421   -0.5869   -0.4931    1.6497
  1   -0.7655   -0.4928   -0.4138    1.6033
  1   -0.8656   -0.3836   -0.3219    1.5562
  1   -0.9394   -0.2628   -0.2202    1.5154
  1   -0.9847   -0.1340   -0.1118    1.4876
  1   -1.0000   -0.0011   -0.0000    1.4777
/data/mols/Fig6.neNHC/NHC-wfn0.log
  1    1.0000    0.0011   -0.0000    1.5901
  1    0.9850   -0.1318    0.1118    1.5997
  1    0.9400   -0.2607    0.2202    1.6265
  1    0.8665   -0.3816    0.3219    1.6652
  1    0.7666   -0.4910    0.4138    1.7091
  1    0.6435   -0.5855    0.4931    1.7513
  1    0.5008   -0.6621    0.5575    1.7866
  1    0.3428   -0.7187    0.6049    1.8124
  1    0.1745   -0.7534    0.6340    1.8277
  1    0.0009   -0.7652    0.6438    1.8328
  1   -0.1728   -0.7538    0.6340    1.8277
  1   -0.3412   -0.7195    0.6049    1.8123
  1   -0.4992   -0.6633    0.5575    1.7865
  1   -0.6421   -0.5869    0.4931    1.7512
  1   -0.7655   -0.4928    0.4138    1.7090
  1   -0.8656   -0.3836    0.3219    1.6652
  1   -0.9394   -0.2628    0.2202    1.6264
  1   -0.9847   -0.1340    0.1118    1.5997
  1   -1.0000   -0.0011    0.0000    1.5901
  1    1.0000    0.0011   -0.0000    1.5901
  1    0.9850   -0.1725   -0.0000    1.6085
  1    0.9401   -0.3409   -0.0000    1.6600
  1    0.8666   -0.4990   -0.0000    1.7350
  1    0.7668   -0.6419   -0.0000    1.8205
  1    0.6437   -0.7653   -0.0000    1.9038
  1    0.5010   -0.8655   -0.0000    1.9747
  1    0.3431   -0.9393   -0.0000    2.0272
  1    0.1748   -0.9846   -0.0000    2.0589
  1    0.0011   -1.0000   -0.0000    2.0694
  1   -0.1725   -0.9850   -0.0000    2.0588
  1   -0.3409   -0.9401   -0.0000    2.0271
  1   -0.4990   -0.8666   -0.0000    1.9746
  1   -0.6419   -0.7668   -0.0000    1.9037
  1   -0.7653   -0.6437   -0.0000    1.8205
  1   -0.8655   -0.5010   -0.0000    1.7349
  1   -0.9393   -0.3431   -0.0000    1.6599
  1   -0.9846   -0.1748   -0.0000    1.6084
  1   -1.0000   -0.0011   -0.0000    1.5901
  1    1.0000    0.0011   -0.0000    1.5901
  1    0.9850   -0.1318   -0.1118    1.5997
  1    0.9400   -0.2607   -0.2202    1.6265
  1    0.8665   -0.3816   -0.3219    1.6652
  1    0.7666   -0.4910   -0.4138    1.7091
  1    0.6435   -0.5855   -0.4931    1.7513
  1    0.5008   -0.6621   -0.5575    1.7866
  1    0.3428   -0.7187   -0.6049    1.8124
  1    0.1745   -0.7534   -0.6340    1.8277
  1    0.0009   -0.7652   -0.6438    1.8328
  1   -0.1728   -0.7538   -0.6340    1.8277
  1   -0.3412   -0.7195   -0.6049    1.8123
  1   -0.4992   -0.6633   -0.5575    1.7865
  1   -0.6421   -0.5869   -0.4931    1.7512
  1   -0.7655   -0.4928   -0.4138    1.7090
  1   -0.8656   -0.3836   -0.3219    1.6652
  1   -0.9394   -0.2628   -0.2202    1.6264
  1   -0.9847   -0.1340   -0.1118    1.5997
  1   -1.0000   -0.0011   -0.0000    1.5901
/data/mols/Fig6.neNHC/NHC-wfn+.log
  1    1.0000    0.0011   -0.0000    1.4799
  1    0.9850   -0.1318    0.1118    1.4874
  1    0.9400   -0.2607    0.2202    1.5108
  1    0.8665   -0.3816    0.3219    1.5486
  1    0.7666   -0.4910    0.4138    1.5978
  1    0.6435   -0.5855    0.4931    1.6534
  1    0.5008   -0.6621    0.5575    1.7087
  1    0.3428   -0.7187    0.6049    1.7562
  1    0.1745   -0.7534    0.6340    1.7885
  1    0.0009   -0.7652    0.6438    1.8004
  1   -0.1728   -0.7538    0.6340    1.7901
  1   -0.3412   -0.7195    0.6049    1.7592
  1   -0.4992   -0.6633    0.5575    1.7128
  1   -0.6421   -0.5869    0.4931    1.6579
  1   -0.7655   -0.4928    0.4138    1.6022
  1   -0.8656   -0.3836    0.3219    1.5524
  1   -0.9394   -0.2628    0.2202    1.5136
  1   -0.9847   -0.1340    0.1118    1.4889
  1   -1.0000   -0.0011    0.0000    1.4799
  1    1.0000    0.0011   -0.0000    1.4799
  1    0.9850   -0.1725   -0.0000    1.4973
  1    0.9401   -0.3409   -0.0000    1.5494
  1    0.8666   -0.4990   -0.0000    1.6304
  1    0.7668   -0.6419   -0.0000    1.7309
  1    0.6437   -0.7653   -0.0000    1.8392
  1    0.5010   -0.8655   -0.0000    1.9421
  1    0.3431   -0.9393   -0.0000    2.0270
  1    0.1748   -0.9846   -0.0000    2.0831
  1    0.0011   -1.0000   -0.0000    2.1033
  1   -0.1725   -0.9850   -0.0000    2.0851
  1   -0.3409   -0.9401   -0.0000    2.0307
  1   -0.4990   -0.8666   -0.0000    1.9471
  1   -0.6419   -0.7668   -0.0000    1.8449
  1   -0.7653   -0.6437   -0.0000    1.7366
  1   -0.8655   -0.5010   -0.0000    1.6354
  1   -0.9393   -0.3431   -0.0000    1.5531
  1   -0.9846   -0.1748   -0.0000    1.4993
  1   -1.0000   -0.0011   -0.0000    1.4799
  1    1.0000    0.0011   -0.0000    1.4799
  1    0.9850   -0.1318   -0.1118    1.4874
  1    0.9400   -0.2607   -0.2202    1.5108
  1    0.8665   -0.3816   -0.3219    1.5486
  1    0.7666   -0.4910   -0.4138    1.5978
  1    0.6435   -0.5855   -0.4931    1.6534
  1    0.5008   -0.6621   -0.5575    1.7087
  1    0.3428   -0.7187   -0.6049    1.7562
  1    0.1745   -0.7534   -0.6340    1.7885
  1    0.0009   -0.7652   -0.6438    1.8004
  1   -0.1728   -0.7538   -0.6340    1.7901
  1   -0.3412   -0.7195   -0.6049    1.7592
  1   -0.4992   -0.6633   -0.5575    1.7128
  1   -0.6421   -0.5869   -0.4931    1.6579
  1   -0.7655   -0.4928   -0.4138    1.6022
  1   -0.8656   -0.3836   -0.3219    1.5524
  1   -0.9394   -0.2628   -0.2202    1.5136
  1   -0.9847   -0.1340   -0.1118    1.4889
  1   -1.0000   -0.0011   -0.0000    1.4799
/data/mols/Fig6.neNHC/since4_s_wfn-.log
 13    0.0533   -0.8157    0.5760    1.7160
 13    0.2114   -0.8364    0.5056    1.7314
 13    0.3631   -0.8318    0.4199    1.7766
 13    0.5038   -0.8018    0.3214    1.8463
 13    0.6291   -0.7475    0.2132    1.9324
 13    0.7354   -0.6705    0.0985    2.0244
 13    0.8193   -0.5731   -0.0192    2.1110
 13    0.8783   -0.4582   -0.1364    2.1816
 13    0.9106   -0.3295   -0.2494    2.2274
 13    0.9153   -0.1908   -0.3548    2.2427
 13    0.8921   -0.0462   -0.4494    2.2258
 13    0.8419    0.0997   -0.5304    2.1790
 13    0.7660    0.2427   -0.5952    2.1083
 13    0.6669    0.3782   -0.6420    2.0223
 13    0.5475    0.5023   -0.6693    1.9314
 13    0.4115    0.6111   -0.6762    1.8463
 13    0.2630    0.7013   -0.6626    1.7771
 13    0.1065    0.7702   -0.6289    1.7319
 13   -0.0533    0.8157   -0.5760    1.7160
 13    0.0533   -0.8157    0.5760    1.7160
 13    0.2258   -0.7954    0.5625    1.7366
 13    0.3916   -0.7509    0.5318    1.7938
 13    0.5454   -0.6836    0.4850    1.8822
 13    0.6827   -0.5955    0.4235    1.9924
 13    0.7992   -0.4893    0.3491    2.1120
 13    0.8914   -0.3683    0.2641    2.2268
 13    0.9566   -0.2360    0.1711    2.3219
 13    0.9927   -0.0966    0.0728    2.3844
 13    0.9986    0.0457   -0.0276    2.4055
 13    0.9742    0.1867   -0.1272    2.3822
 13    0.9201    0.3219   -0.2229    2.3177
 13    0.8382    0.4474   -0.3119    2.2211
 13    0.7307    0.5593   -0.3914    2.1055
 13    0.6011    0.6543   -0.4590    1.9857
 13    0.4532    0.7293   -0.5126    1.8762
 13    0.2915    0.7822   -0.5507    1.7893
 13    0.1210    0.8113   -0.5720    1.7341
 13   -0.0533    0.8157   -0.5760    1.7160
 13    0.0533   -0.8157    0.5760    1.7160
 13    0.2109   -0.7557    0.6201    1.7341
 13    0.3620   -0.6727    0.6453    1.7812
 13    0.5022   -0.5692    0.6510    1.8517
 13    0.6272   -0.4485    0.6368    1.9373
 13    0.7330   -0.3141    0.6033    2.0280
 13    0.8166   -0.1702    0.5515    2.1132
 13    0.8754   -0.0211    0.4829    2.1824
 13    0.9076    0.1286    0.3997    2.2274
 13    0.9122    0.2744    0.3043    2.2422
 13    0.8891    0.4119    0.1996    2.2249
 13    0.8390    0.5368    0.0889    2.1773
 13    0.7634    0.6455   -0.0245    2.1054
 13    0.6646    0.7345   -0.1372    2.0180
 13    0.5456    0.8013   -0.2457    1.9260
 13    0.4100    0.8436   -0.3467    1.8407
 13    0.2619    0.8604   -0.4372    1.7724
 13    0.1060    0.8510   -0.5144    1.7292
 13   -0.0533    0.8157   -0.5760    1.7160
/data/mols/Fig6.neNHC/since4_s_wfn0.log
 13    0.0533   -0.8157    0.5760    1.8289
 13    0.2114   -0.8364    0.5056    1.8427
 13    0.3631   -0.8318    0.4199    1.8831
 13    0.5038   -0.8018    0.3214    1.9435
 13    0.6291   -0.7475    0.2132    2.0145
 13    0.7354   -0.6705    0.0985    2.0866
 13    0.8193   -0.5731   -0.0192    2.1512
 13    0.8783   -0.4582   -0.1364    2.2019
 13    0.9106   -0.3295   -0.2494    2.2346
 13    0.9153   -0.1908   -0.3548    2.2471
 13    0.8921   -0.0462   -0.4494    2.2382
 13    0.8419    0.0997   -0.5304    2.2083
 13    0.7660    0.2427   -0.5952    2.1590
 13    0.6669    0.3782   -0.6420    2.0945
 13    0.5475    0.5023   -0.6693    2.0214
 13    0.4115    0.6111   -0.6762    1.9486
 13    0.2630    0.7013   -0.6626    1.8864
 13    0.1065    0.7702   -0.6289    1.8443
 13   -0.0533    0.8157   -0.5760    1.8289
 13    0.0533   -0.8157    0.5760    1.8289
 13    0.2258   -0.7954    0.5625    1.8483
 13    0.3916   -0.7509    0.5318    1.8999
 13    0.5454   -0.6836    0.4850    1.9737
 13    0.6827   -0.5955    0.4235    2.0566
 13    0.7992   -0.4893    0.3491    2.1361
 13    0.8914   -0.3683    0.2641    2.2026
 13    0.9566   -0.2360    0.1711    2.2509
 13    0.9927   -0.0966    0.0728    2.2794
 13    0.9986    0.0457   -0.0276    2.2884
 13    0.9742    0.1867   -0.1272    2.2780
 13    0.9201    0.3219   -0.2229    2.2481
 13    0.8382    0.4474   -0.3119    2.1983
 13    0.7307    0.5593   -0.3914    2.1306
 13    0.6011    0.6543   -0.4590    2.0505
 13    0.4532    0.7293   -0.5126    1.9678
 13    0.2915    0.7822   -0.5507    1.8952
 13    0.1210    0.8113   -0.5720    1.8457
 13   -0.0533    0.8157   -0.5760    1.8289
 13    0.0533   -0.8157    0.5760    1.8289
 13    0.2109   -0.7557    0.6201    1.8467
 13    0.3620   -0.6727    0.6453    1.8909
 13    0.5022   -0.5692    0.6510    1.9544
 13    0.6272   -0.4485    0.6368    2.0276
 13    0.7330   -0.3141    0.6033    2.1004
 13    0.8166   -0.1702    0.5515    2.1639
 13    0.8754   -0.0211    0.4829    2.2117
 13    0.9076    0.1286    0.3997    2.2401
 13    0.9122    0.2744    0.3043    2.2473
 13    0.8891    0.4119    0.1996    2.2333
 13    0.8390    0.5368    0.0889    2.1990
 13    0.7634    0.6455   -0.0245    2.1468
 13    0.6646    0.7345   -0.1372    2.0812
 13    0.5456    0.8013   -0.2457    2.0087
 13    0.4100    0.8436   -0.3467    1.9379
 13    0.2619    0.8604   -0.4372    1.8788
 13    0.1060    0.8510   -0.5144    1.8403
 13   -0.0533    0.8157   -0.5760    1.8289
/data/mols/Fig6.neNHC/since4_s_wfn+.log
 13    0.0533   -0.8157    0.5760    2.2374
 13    0.2114   -0.8364    0.5056    2.2394
 13    0.3631   -0.8318    0.4199    2.2482
 13    0.5038   -0.8018    0.3214    2.2625
 13    0.6291   -0.7475    0.2132    2.2807
 13    0.7354   -0.6705    0.0985    2.3005
 13    0.8193   -0.5731   -0.0192    2.3196
 13    0.8783   -0.4582   -0.1364    2.3357
 13    0.9106   -0.3295   -0.2494    2.3469
 13    0.9153   -0.1908   -0.3548    2.3520
 13    0.8921   -0.0462   -0.4494    2.3503
 13    0.8419    0.0997   -0.5304    2.3419
 13    0.7660    0.2427   -0.5952    2.3278
 13    0.6669    0.3782   -0.6420    2.3097
 13    0.5475    0.5023   -0.6693    2.2897
 13    0.4115    0.6111   -0.6762    2.2703
 13    0.2630    0.7013   -0.6626    2.2538
 13    0.1065    0.7702   -0.6289    2.2424
 13   -0.0533    0.8157   -0.5760    2.2374
 13    0.0533   -0.8157    0.5760    2.2374
 13    0.2258   -0.7954    0.5625    2.2434
 13    0.3916   -0.7509    0.5318    2.2597
 13    0.5454   -0.6836    0.4850    2.2834
 13    0.6827   -0.5955    0.4235    2.3101
 13    0.7992   -0.4893    0.3491    2.3361
 13    0.8914   -0.3683    0.2641    2.3580
 13    0.9566   -0.2360    0.1711    2.3741
 13    0.9927   -0.0966    0.0728    2.3838
 13    0.9986    0.0457   -0.0276    2.3870
 13    0.9742    0.1867   -0.1272    2.3837
 13    0.9201    0.3219   -0.2229    2.3738
 13    0.8382    0.4474   -0.3119    2.3575
 13    0.7307    0.5593   -0.3914    2.3353
 13    0.6011    0.6543   -0.4590    2.3093
 13    0.4532    0.7293   -0.5126    2.2825
 13    0.2915    0.7822   -0.5507    2.2590
 13    0.1210    0.8113   -0.5720    2.2430
 13   -0.0533    0.8157   -0.5760    2.2374
 13    0.0533   -0.8157    0.5760    2.2374
 13    0.2109   -0.7557    0.6201    2.2428
 13    0.3620   -0.6727    0.6453    2.2546
 13    0.5022   -0.5692    0.6510    2.2714
 13    0.6272   -0.4485    0.6368    2.2910
 13    0.7330   -0.3141    0.6033    2.3110
 13    0.8166   -0.1702    0.5515    2.3291
 13    0.8754   -0.0211    0.4829    2.3430
 13    0.9076    0.1286    0.3997    2.3511
 13    0.9122    0.2744    0.3043    2.3525
 13    0.8891    0.4119    0.1996    2.3472
 13    0.8390    0.5368    0.0889    2.3356
 13    0.7634    0.6455   -0.0245    2.3192
 13    0.6646    0.7345   -0.1372    2.2999
 13    0.5456    0.8013   -0.2457    2.2800
 13    0.4100    0.8436   -0.3467    2.2618
 13    0.2619    0.8604   -0.4372    2.2476
 13    0.1060    0.8510   -0.5144    2.2391
 13   -0.0533    0.8157   -0.5760    2.2374