9.516059963234494434e-01 1.434619092448955469e+00 1.434599222228891469e+00 1.430317699737743586e+00
9.529847507984428034e-01 1.431564139166035865e+00 1.435456645309181489e+00 1.430678380732547605e+00
9.606311967922156470e-01 1.429198563989890314e+00 1.431624701560344048e+00 1.431476473854018661e+00
9.742239453521780446e-01 1.423789602390227005e+00 1.425154750881345356e+00 1.433254787161088784e+00
9.895795021726274676e-01 1.417234340716130969e+00 1.418411935884631880e+00 1.435392552113171849e+00
1.004524407936272956e+00 1.410904977220051038e+00 1.412952694177167512e+00 1.437539840111033751e+00
1.018492212472285940e+00 1.405919976548636319e+00 1.408976133738828018e+00 1.439563953163413901e+00
1.030978142849078960e+00 1.402586637268564695e+00 1.406051902236726825e+00 1.441453454322279448e+00
1.042008310608472543e+00 1.401450869352641959e+00 1.404167113882316853e+00 1.443456202145240619e+00
1.051409810291641156e+00 1.402221358969919507e+00 1.403298466895009922e+00 1.444809703541668267e+00
1.052483247570250136e+00 1.403282998694482364e+00 1.403204379950531155e+00 1.444662403189974409e+00
1.039305306408916385e+00 1.403243727206717084e+00 1.403430272549903712e+00 1.443361216545483217e+00
1.025144744786239404e+00 1.405227405325477408e+00 1.405247267561662072e+00 1.441871597785130632e+00
1.012125246595712236e+00 1.409405731835497999e+00 1.407855597843209683e+00 1.440189250810632871e+00
9.992771230783958902e-01 1.414885760393084668e+00 1.410999507346686777e+00 1.438454437149092824e+00
9.860136146957515502e-01 1.420939516043248307e+00 1.415406672002589072e+00 1.436662102800055685e+00
9.732465329439918822e-01 1.426792327015289352e+00 1.420446931847858529e+00 1.434919678888256778e+00
9.615728160165720739e-01 1.431804420281201251e+00 1.426064925167250586e+00 1.433078620381810664e+00
9.536083862571895775e-01 1.435074530703450701e+00 1.430563466789287252e+00 1.431282553160258875e+00
9.529794369199745541e-01 1.435170888961074587e+00 1.431818343944353034e+00 1.430444072380528064e+00
9.606344726317042060e-01 1.431608655421690024e+00 1.429230070527145902e+00 1.431092327852623969e+00
9.738712723631433033e-01 1.425210080536262858e+00 1.423936030752356086e+00 1.432948736859123606e+00
9.892136144906836792e-01 1.418514390194899777e+00 1.417446710530512632e+00 1.435256298325027213e+00
1.004270540938231315e+00 1.413180553617759960e+00 1.410821067073400714e+00 1.437475471222799062e+00
1.018583684638817877e+00 1.409523308377767625e+00 1.404917907095138974e+00 1.439339220099048022e+00
1.031232654312698394e+00 1.407113223925437584e+00 1.400084539481463830e+00 1.441024077377266233e+00
1.042181117124282075e+00 1.404638005502053755e+00 1.397751536176335296e+00 1.443016446289677290e+00
1.050909536859802262e+00 1.402237823219812940e+00 1.399332235757509535e+00 1.444851700860724897e+00
1.052266734930745740e+00 1.401666881199929993e+00 1.403551830334614614e+00 1.444879157383393453e+00
1.039090800358301703e+00 1.403039114540034271e+00 1.403677486709221212e+00 1.443041737220055909e+00
1.025136491388091375e+00 1.404831093490816585e+00 1.405619278513455139e+00 1.441494131393693534e+00
1.012237703192442329e+00 1.406907914636494894e+00 1.410198796865175463e+00 1.440257579747618033e+00
9.993762728786299565e-01 1.409572773571980520e+00 1.415996732598928665e+00 1.439054940507472624e+00
9.861858807555274886e-01 1.413934364475960770e+00 1.421929469587392303e+00 1.437311123173754313e+00
9.732180872759788048e-01 1.419273651808290904e+00 1.427721469264212617e+00 1.435463537322435812e+00
9.615186551916726776e-01 1.425353693419691314e+00 1.432376667745739907e+00 1.433157611419910271e+00
9.536290427116494994e-01 1.430185240772926303e+00 1.435436607448763890e+00 1.431253201926215413e+00
