1.320220020922675097e+00 1.003340028871684275e+00 9.785938981006438997e-01 1.621601369846872975e+00
1.309955797421932466e+00 1.024271569617454691e+00 9.797318234233605150e-01 1.600088010719769471e+00
1.300166506374905939e+00 1.044125036802182160e+00 9.797800514306398423e-01 1.581494394536504977e+00
1.292069755934980524e+00 1.061729404549038414e+00 9.795102246736482332e-01 1.567617657628969985e+00
1.287327569251538240e+00 1.075515161346701332e+00 9.785239892596226952e-01 1.559747736248122685e+00
1.288629474039951983e+00 1.086361843653915082e+00 9.719239873172597077e-01 1.563446093642375523e+00
1.334042863164973003e+00 1.060247189097957676e+00 9.804661455746109811e-01 1.621919614839752777e+00
1.343048116403853465e+00 1.040398292243394529e+00 9.834070702228248084e-01 1.631906839309934742e+00
1.352755752329333871e+00 1.019609233614745092e+00 9.861787496126270813e-01 1.646648688313748332e+00
1.362343541262016844e+00 9.986607977435616457e-01 9.877764950628387108e-01 1.664213790642340429e+00
1.371142238075905073e+00 9.779771884758728939e-01 9.879300092308050951e-01 1.682748085642614466e+00
1.378311881519325599e+00 9.585022003364360721e-01 9.870582136236473181e-01 1.700688298180325519e+00
1.381867394266010463e+00 9.429330127644540704e-01 9.850206590796900530e-01 1.715355752404948753e+00
1.379608626432948792e+00 9.361393375133674200e-01 9.820191156581777880e-01 1.723184024764891298e+00
1.372275340660945586e+00 9.408036195403239876e-01 9.785777404056387185e-01 1.720409474584338128e+00
1.364326589731457373e+00 9.513187512793663814e-01 9.761825194183492149e-01 1.710441702581678936e+00
1.358398320423854111e+00 9.626139831859864548e-01 9.748614209387006513e-01 1.699000956375190441e+00
1.353503801569333920e+00 9.739652012440931372e-01 9.734181760586684273e-01 1.688289808000629888e+00
1.348710179347104576e+00 9.859902045163907447e-01 9.712304333352926866e-01 1.678599236956484608e+00
1.343855451533465084e+00 9.990429542921945849e-01 9.680479186890883492e-01 1.669679876823415565e+00
1.338826533861099177e+00 1.013239145030760291e+00 9.638959842487219154e-01 1.661157051304422261e+00
1.334237877465396238e+00 1.028669532588422530e+00 9.579891436673626526e-01 1.653200291247357789e+00
1.330114461802642811e+00 1.046274214952435111e+00 9.480189453135721145e-01 1.645622509883405638e+00
1.326968689684505653e+00 1.061108153512714702e+00 9.344068114106106604e-01 1.632804403469604537e+00
1.334369253253015808e+00 1.028437820485064602e+00 9.581128756435458582e-01 1.653346110342496456e+00
1.338917394476867528e+00 1.013136175481074597e+00 9.639002367221420897e-01 1.661200362464137381e+00
1.343880882744218574e+00 9.989238071346424608e-01 9.680890877893647550e-01 1.669712715761049182e+00
1.348796969812940727e+00 9.859313781143704825e-01 9.712624648088817869e-01 1.678639529070983016e+00
1.353591177609901886e+00 9.738331729238128842e-01 9.734630139152423700e-01 1.688294476827272517e+00
1.358429615489947562e+00 9.625435766977572527e-01 9.748743168123088498e-01 1.699045574166579753e+00
1.364386309900642580e+00 9.512516316568744301e-01 9.762049750575901852e-01 1.710545347700438867e+00
1.372366223374246408e+00 9.406935870945023481e-01 9.786167080601679835e-01 1.720535914651745379e+00
1.379624727269989748e+00 9.361383777318399435e-01 9.820992762856645131e-01 1.723175558097021165e+00
1.381873255152290092e+00 9.430608939658501333e-01 9.850740100058699156e-01 1.715206782188753998e+00
1.378205033364092058e+00 9.586053846711529713e-01 9.870193151932199482e-01 1.700539106487452656e+00
1.371126728043325471e+00 9.780760362238951622e-01 9.879751199886925850e-01 1.682728146151811544e+00
1.362257745501711081e+00 9.987433907523588505e-01 9.877227868529987465e-01 1.664101264358410548e+00
