6.005034844480504619e-01 2.801345947505874956e-01 2.893346454209221319e-01 8.329867390786102055e-01
5.942468060945731434e-01 3.111182792097911265e-01 2.873750639649817473e-01 8.222659928879344493e-01
5.889549424488301765e-01 3.349970446713295136e-01 2.856299632252266574e-01 8.134768050711839171e-01
5.850022542995877428e-01 3.529223199690408319e-01 2.851876598591607803e-01 8.066573472612508233e-01
5.830135663059274886e-01 3.663388490627286775e-01 2.867531105434075744e-01 8.014983719971371379e-01
5.854940759305781173e-01 3.749435574352472100e-01 2.853024506737542043e-01 8.009219425448165230e-01
5.789446542398922757e-01 3.387491303895319161e-01 2.984840415327966734e-01 8.233591785283493891e-01
5.837744132369078187e-01 3.172770179174319027e-01 2.995624695821376693e-01 8.319723811551296144e-01
5.897383884260565257e-01 2.907302870725404498e-01 3.012375272019497952e-01 8.418374566366900735e-01
5.964305203483099005e-01 2.574427223504175966e-01 3.028006965011906249e-01 8.528660498880665797e-01
6.035921046416380387e-01 2.153300807861971977e-01 3.041056936916385900e-01 8.647842740316452614e-01
6.106347355942285393e-01 1.616832882369068913e-01 3.055316585644169969e-01 8.769732534388661183e-01
6.160383527149339011e-01 9.458973234510487105e-02 3.066162917476326633e-01 8.876252258111154703e-01
6.168243554812341545e-01 1.532492102323436065e-02 3.061860031740282206e-01 8.932533235359793045e-01
6.119242571379523987e-01 6.350311988119738960e-02 3.033971396780467678e-01 8.911423209963684755e-01
6.050786724589114485e-01 1.298757989779114885e-01 2.993330868640400877e-01 8.842916151555944015e-01
5.991489790248739622e-01 1.812996332986891723e-01 2.951787875411779338e-01 8.763451984504901926e-01
5.941576114472453263e-01 2.218165752491969844e-01 2.908743537300136905e-01 8.683044707791773842e-01
5.898147844921245442e-01 2.544751336227484839e-01 2.861379608900090910e-01 8.601109893422995700e-01
5.860569423270639566e-01 2.811973675871600187e-01 2.805464948630591038e-01 8.518245041156140562e-01
5.828488574321252225e-01 3.035241014161511042e-01 2.738157023831054859e-01 8.434830533455420776e-01
5.805416720554795740e-01 3.219940874924387408e-01 2.653623759557969808e-01 8.355833624902492263e-01
5.793776523419235103e-01 3.366960826000572893e-01 2.555779501108717544e-01 8.284825449111684614e-01
5.789175330724722901e-01 3.466491188391352396e-01 2.529210151292057285e-01 8.222919194211543159e-01
5.805939527452568250e-01 3.217582832474814580e-01 2.655262948305441850e-01 8.356506026566098422e-01
5.828682913259697340e-01 3.033711593735298195e-01 2.738779009597664404e-01 8.435725223579730869e-01
5.860456481978113530e-01 2.810760714085204781e-01 2.806238594793793450e-01 8.518753142352291086e-01
5.898973484444826054e-01 2.542657086955053547e-01 2.861373077837972567e-01 8.601734409597918685e-01
5.942606642118026805e-01 2.215648621301194998e-01 2.909427520065647199e-01 8.683403450446803840e-01
5.992116016415973689e-01 1.810486567731940388e-01 2.952395897155539739e-01 8.763936005551005159e-01
6.051672474543748903e-01 1.294535687458156503e-01 2.993873160054533744e-01 8.843453691098753788e-01
6.119777007692882576e-01 6.288560816962114608e-02 3.034139837379872806e-01 8.912098192308500755e-01
6.168407656551674334e-01 1.598283456737654984e-02 3.062396362543428618e-01 8.932170211634170576e-01
6.160175948588518802e-01 9.519355557991539263e-02 3.065852631983756460e-01 8.875347427162908476e-01
6.105615941898057120e-01 1.621400254590663059e-01 3.054898767481237232e-01 8.768831443661292413e-01
6.035715903580076702e-01 2.155753268075157880e-01 3.041289606889319708e-01 8.647292575856979635e-01
5.963965083624324093e-01 2.576465815333150444e-01 3.027564947215032887e-01 8.527922371016726233e-01
