1.294751862196552306e-01 6.791892190166338716e-01 6.791845852968386721e-01 6.836365040407774707e-01
1.330400969872176375e-01 6.770601738321065932e-01 6.779938393912041672e-01 6.838064241300122470e-01
1.519918464769993982e-01 6.752569009647448883e-01 6.760550894259057531e-01 6.845235287411827185e-01
1.821681109348049221e-01 6.711756190419688739e-01 6.716414611887128183e-01 6.858233998091504136e-01
2.134113795853286588e-01 6.664908652804661937e-01 6.667074869817670724e-01 6.874681156553376082e-01
2.411381291834553409e-01 6.623464226927854304e-01 6.619605557208715352e-01 6.892915507447706647e-01
2.651241987836774339e-01 6.590550525168986651e-01 6.572447028360506316e-01 6.911952715663581825e-01
2.850617991145037444e-01 6.564936155397003148e-01 6.523944588690444579e-01 6.930269904405746972e-01
3.014359894981363808e-01 6.545073240784538005e-01 6.487534347775456567e-01 6.948600201774948193e-01
3.126104868245659918e-01 6.531214757538733595e-01 6.492277348266570769e-01 6.964828620842864471e-01
3.115140919980291523e-01 6.530024426026069806e-01 6.543591270348635414e-01 6.968104239417428625e-01
2.962413174576740138e-01 6.547028123372262698e-01 6.557833362987919301e-01 6.949181638479553502e-01
2.768636492167136920e-01 6.565773992757473199e-01 6.575929741644324089e-01 6.928384191700943662e-01
2.556976994559745919e-01 6.588872805651672104e-01 6.602677848884935807e-01 6.909128890286686531e-01
2.324181758539090314e-01 6.616563496823906210e-01 6.626959720628151640e-01 6.891103754717168295e-01
2.064278585232502683e-01 6.650512841975809719e-01 6.651016019097094611e-01 6.874922623871342342e-01
1.792814574006824924e-01 6.687627158783121528e-01 6.677815570218427199e-01 6.861648990278518268e-01
1.527917490148526236e-01 6.728551914315606952e-01 6.715760967461004149e-01 6.850691642275751336e-01
1.339698462269119372e-01 6.763947904426443891e-01 6.757215371092663014e-01 6.842446501373690149e-01
1.329931770396109991e-01 6.775604145258617983e-01 6.775400910699432844e-01 6.839699645614859547e-01
1.518052076223337377e-01 6.756531505740700494e-01 6.757149853517930849e-01 6.844619140333549900e-01
1.815151176851971249e-01 6.714400669057185578e-01 6.715276721262984916e-01 6.857690186642890762e-01
2.127022686208732416e-01 6.665849380633266374e-01 6.667716392940192804e-01 6.875193377117675420e-01
2.407567839440821755e-01 6.622556728689168448e-01 6.621869596211520381e-01 6.894487497416391664e-01
2.650130695194073405e-01 6.587040292786217055e-01 6.578447686285887608e-01 6.913585744767835051e-01
2.851889393260266803e-01 6.559056574167019260e-01 6.535776600902268862e-01 6.932234215979750092e-01
3.016689683722673099e-01 6.536278427920796386e-01 6.502772454936842639e-01 6.949654787657788546e-01
3.126798006020529153e-01 6.524866279491231547e-01 6.501905066893171048e-01 6.963958902598715861e-01
3.114868508983157924e-01 6.534251739764425082e-01 6.541539207379560850e-01 6.965956660629446517e-01
2.960248144289185923e-01 6.551291687577435185e-01 6.554302054965681634e-01 6.946271949688263003e-01
2.768384317160733632e-01 6.570024898385861123e-01 6.572125011406694250e-01 6.925215516896012780e-01
2.557615317252778797e-01 6.592692093425999156e-01 6.599557647495751800e-01 6.907120547539873368e-01
2.321827606801167287e-01 6.619554663248737869e-01 6.628062976407684825e-01 6.890995301657232286e-01
2.056657496089039083e-01 6.653096018699509173e-01 6.657195751032123354e-01 6.874845309619133094e-01
1.780716998919174288e-01 6.688664357414253470e-01 6.689273829257902371e-01 6.861002961153055413e-01
1.519054912397847512e-01 6.727456007329472021e-01 6.726721426561643735e-01 6.847500720229474647e-01
1.338318675845643069e-01 6.759797360988856196e-01 6.763751309493575281e-01 6.838439016580774021e-01
