3.021976542711145020e-01 -1.279237348853354533e-03 1.025681344902109639e-02 5.277353410390788202e-01
3.090981516735792911e-01 -1.185943412257744068e-03 9.767607992057648902e-03 5.061436278540600853e-01
1.505374995594354337e-01 1.074834180449731058e-02 1.010731937567100128e-02 4.934368091610189522e-01
1.708686375592563256e-01 1.452464546400480082e-02 1.256816389523576424e-02 4.931334028638268974e-01
2.826722853887236320e-01 1.823049357555909036e-02 5.631268659254267290e-05 5.416404723181518222e-01
1.598094875575191143e-01 4.616255901787605365e-02 -3.220597513287151454e-03 5.830783723139090213e-01
3.429947656037711234e-01 6.096702474621715911e-02 3.389694159550739327e-02 5.624262152623435984e-01
3.252466302532936449e-01 3.049018000348942964e-02 1.285620567213758940e-02 5.216848657460187999e-01
3.424957668270319222e-01 5.521211034542738288e-03 1.581112629154092161e-02 5.260407711706335254e-01
3.138158923316866078e-01 2.167447989163169639e-03 1.892357143379795603e-02 5.333111098239522452e-01
2.964583552174002712e-01 -1.289367163866536907e-03 2.148239839195408701e-02 4.695747599896432645e-01
4.034345540733682567e-01 -7.808598803739474209e-03 2.161790051401881255e-02 6.437844053334399463e-01
2.734709145281570275e-01 1.749618461843507541e-02 1.895211021278541547e-02 6.596208731045303253e-01
2.748368466874749338e-01 9.016327441063914927e-02 2.122982341639780002e-02 7.679404792740953667e-01
3.092567104453597393e-01 5.506404257642464467e-02 1.842668891115969987e-02 7.542051902214275128e-01
3.245177588755126519e-01 4.067694492496297387e-02 1.819125978732283322e-02 6.530456965044936224e-01
3.228539852140117627e-01 1.800734833359133018e-03 2.192071816283888003e-02 5.484233166122912673e-01
3.365632927362220417e-01 -3.450120717555874190e-03 2.488653817079309466e-02 4.756204431768872309e-01
3.495661541327119148e-01 -5.361784701270886494e-03 2.622584189204906976e-02 5.787743573417113430e-01
3.749310815196708058e-01 -2.305461889311412674e-03 1.896813603349413457e-02 6.492203100025353280e-01
3.520110558667560730e-01 7.238730813924197649e-03 2.257233447739533799e-02 6.347321959134708536e-01
3.121521661530812231e-01 3.857102289027369846e-02 1.830637865537119296e-02 6.189020168632627383e-01
2.394262389263318580e-01 7.048296764445938223e-02 6.777740880057430556e-03 5.923738539936803660e-01
3.207928894885067050e-01 1.027114262735466382e-01 2.039794685574995020e-02 5.371810330751969342e-01
3.195844729847603372e-01 4.180597686038722838e-02 2.415156983009581967e-02 6.193142925632356688e-01
3.646756720941018437e-01 5.868538139502478546e-03 2.449952526705524714e-02 6.348964194578502473e-01
3.747857864888126667e-01 -8.297293560918768754e-03 2.304000336739871549e-02 6.494820360969545403e-01
3.441811947527172455e-01 -1.123387464087231662e-02 1.835320058312226582e-02 5.926183649074652227e-01
3.318196077037620095e-01 -1.502384867440121653e-02 1.734333961137315971e-02 4.824950018437286214e-01
3.182228411956531944e-01 3.432230037867558137e-03 1.423225906601226914e-02 5.546118543700107040e-01
3.191331710262043653e-01 3.330673502324508345e-02 1.836581247702941816e-02 6.538067685435728915e-01
3.013074277748979402e-01 4.419399530709826329e-02 1.845333605126549606e-02 7.549242881811621952e-01
2.838349786996943735e-01 4.795843834921672405e-02 4.030942163727035954e-02 7.674507786083335503e-01
2.733720752225959894e-01 1.430132660907366265e-02 2.616677693011452283e-02 6.584951586971372617e-01
3.861443487713737133e-01 3.916770734749774018e-03 2.165950539130337762e-02 6.685269440681630426e-01
2.818992958162909179e-01 -1.249757183666213580e-04 2.167094788625266097e-02 4.905974573191689281e-01
3.143597917465127956e-01 5.561238052565526833e-04 1.816630998573852060e-02 5.333192981321008830e-01
