2.980189038883352196e-02 3.988823304508285483e-01 3.980027336187086373e-01 4.993194379104154978e-01
0.000000000000000000e+00 4.484047837625444455e-01 4.503867272607088856e-01 4.495546763942374069e-01
1.416831070345812403e-06 4.464239551389391769e-01 4.486616357142136913e-01 4.528963529289393164e-01
0.000000000000000000e+00 3.541826028179834163e-01 3.638961814254424443e-01 4.580024689856353470e-01
0.000000000000000000e+00 3.500184018145016673e-01 3.569243931914715118e-01 4.617741526908511474e-01
1.936906465372054131e-02 3.396473938292223771e-01 3.527412420312886487e-01 4.600343726924456811e-01
2.225919359071763456e-02 3.255837044451034279e-01 3.441299224605999241e-01 4.468542512537925226e-01
6.697077951881140467e-02 2.471705105055885254e-01 2.637477878233096540e-01 3.215617185375229115e-01
1.046491279809836500e-01 2.532352841295316126e-01 2.670355985721567516e-01 3.250002102931788261e-01
1.029301221476448813e-01 3.494051836059763327e-01 3.489688259104079537e-01 4.802992221854622823e-01
1.083002133740641748e-01 3.732586345399329097e-01 3.717430539429343317e-01 5.122928511378930239e-01
9.828923010071712041e-02 2.608962760377167567e-01 2.589079773194658540e-01 3.261093392430453597e-01
2.378280848875923004e-02 2.555205712763053416e-01 2.527845245347093983e-01 4.443527070371356413e-01
2.110445506199436910e-02 3.476053225621852372e-01 3.338304436682773546e-01 4.587546685196033369e-01
0.000000000000000000e+00 3.643436202210831310e-01 3.326069290379050081e-01 4.635989604633085626e-01
0.000000000000000000e+00 4.169409287753097493e-01 2.383889316959032501e-01 4.624427890083619985e-01
3.000563064048043051e-09 4.458351749609332226e-01 2.907601271392911690e-01 4.584797488327630455e-01
0.000000000000000000e+00 4.484926796735207444e-01 3.402411110276671868e-01 4.537892305025604256e-01
0.000000000000000000e+00 3.044405030758806641e-01 4.474998873642886399e-01 4.917580663339161662e-01
0.000000000000000000e+00 3.135609568468455399e-01 4.494389593072061762e-01 4.874971532951106745e-01
0.000000000000000000e+00 3.980445719736817045e-01 4.107780056820508618e-01 4.523207632342490236e-01
0.000000000000000000e+00 3.533220079455619000e-01 3.637416941263037495e-01 4.564327771755299357e-01
0.000000000000000000e+00 3.496036136697773244e-01 3.577176488916448127e-01 4.614432363838928408e-01
1.930560833843951440e-02 3.394484020373901290e-01 3.531387431277779321e-01 4.603951616878725894e-01
2.217001386737071228e-02 3.248972675673650334e-01 3.447837203237397730e-01 4.479210808944179556e-01
6.760137051815900966e-02 2.456732691415574044e-01 2.647552098293791123e-01 3.225311720615757216e-01
1.059360577917339563e-01 2.503564108093872531e-01 2.686638792715418944e-01 3.258046046588582989e-01
1.328348695913384725e-01 2.626561516607120450e-01 2.715744774467628853e-01 4.750890965117824938e-01
1.090607183745134073e-01 3.732320903001147827e-01 3.706107029913652262e-01 5.110370657539868855e-01
9.779780882432781430e-02 2.601033126704420106e-01 2.594784367288087146e-01 3.255921747337989780e-01
2.377938796233600507e-02 2.547878107347784082e-01 2.535356350922498558e-01 4.438996934416455931e-01
2.108538495893006598e-02 3.476688893184638474e-01 3.335776874636627309e-01 4.578672594132241480e-01
0.000000000000000000e+00 3.643618656528844757e-01 2.132557730400395923e-01 4.618342728958688692e-01
0.000000000000000000e+00 4.070317869726939319e-01 2.404645801449299680e-01 4.557801369027035809e-01
0.000000000000000000e+00 3.711463704401110619e-01 1.620094488104281694e-01 3.927984399559764639e-01
0.000000000000000000e+00 4.422333321673173612e-01 2.822254327921464023e-01 4.494450015341076576e-01
0.000000000000000000e+00 4.480723369126426436e-01 3.465452205974949296e-01 4.492714185360357493e-01
